ba 1024 0.11427881300005538
Random:  [779 483 557 ... 254 349 112]
Random:  [773 737  93 ...  23 847 469]
Random:  [978 680  85 ...  31 920 515]
br 1024 0.2974464335002267
Nearly sorted:  [   1    2    3 ... 1022 1023 1024]
Nearly sorted:  [   1    2    3 ... 1022 1023 1024]
Nearly sorted:  [ 680    2    3 ...  228 1023 1024]
bn 1024 0.12887770650013408
Descending:  [1024 1023 1022 ...    3    2    1]
Descending:  [1024 1023 1022 ...    3    2    1]
Descending:  [1024 1023 1022 ...    3    2    1]
bd 1024 0.30510313749800844
sa 1024 0.11526668649912608
Random:  [1008  222   96 ...  184  906  934]
Random:  [829  22 686 ... 303 432 114]
Random:  [789 111 293 ... 826 775 225]
sr 1024 0.1971669654985817
Nearly sorted:  [   1    2    3 ... 1022 1023 1024]
Nearly sorted:  [   1    2    3 ... 1022  571 1024]
Nearly sorted:  [   1    2    3 ... 1022 1023 1024]
sn 1024 0.11723444550079876
Descending:  [1024 1023 1022 ...    3    2    1]
Descending:  [1024 1023 1022 ...    3    2    1]
Descending:  [1024 1023 1022 ...    3    2    1]
sd 1024 0.11470769599964115
ia 1024 0.0004964560002918006
Random:  [137 617 307 ... 239 823 185]
Random:  [984 460 714 ... 276 881 112]
Random:  [772 593 188 ... 181 608  81]
ir 1024 0.24553021200063085
Nearly sorted:  [   1    2    3 ... 1022 1023 1024]
Nearly sorted:  [   1    2    3 ...  946 1023  646]
Nearly sorted:  [   1    2    3 ... 1022 1023 1024]
in 1024 0.019702482499269536
Descending:  [1024 1023 1022 ...    3    2    1]
Descending:  [1024 1023 1022 ...    3    2    1]
Descending:  [1024 1023 1022 ...    3    2    1]
id 1024 0.3183117190010307
ba 2048 0.47030440700109466
Random:  [1480  383  909 ...  211 1392 1203]
Random:  [1374 1946 1323 ... 1076  267  315]
Random:  [1781  725 1034 ...  772  886 1931]
br 2048 1.058907544998874
Nearly sorted:  [   1    2    3 ... 2046 2047 2048]
Nearly sorted:  [   1    2    3 ... 2046 2047 2048]
Nearly sorted:  [   1    2 1838 ... 2046 2047 2048]
bn 2048 0.5436725970012048
Descending:  [2048 2047 2046 ...    3    2    1]
Descending:  [2048 2047 2046 ...    3    2    1]
Descending:  [2048 2047 2046 ...    3    2    1]
bd 2048 1.2745101489990702
sa 2048 0.48778470950037445
Random:  [1999 1193 1409 ...  100 2033  666]
Random:  [1470  757  632 ...  622 1048  377]
Random:  [ 104  448 1872 ... 1839 1057 1485]
sr 2048 0.6424389865005651
Nearly sorted:  [   1 1723    3 ... 2046 2047 2048]
Nearly sorted:  [   1    2    3 ... 2046 2047  855]
Nearly sorted:  [   1    2    3 ... 1219 2047 2048]
sn 2048 0.48257416450087476
Descending:  [2048 2047 2046 ...    3    2    1]
Descending:  [2048 2047 2046 ...    3    2    1]
Descending:  [2048 2047 2046 ...    3    2    1]
sd 2048 0.44469400950038107
ia 2048 0.0010610885001369752
Random:  [1467 1533  853 ... 2026   68  749]
Random:  [ 392 1755  377 ... 1508  941  276]
Random:  [1781 1501 1903 ...  691  858 1886]
ir 2048 0.8358267029998387
Nearly sorted:  [   1    2    3 ... 1593 2047 2048]
Nearly sorted:  [   1    2    3 ... 2046 2047 2048]
Nearly sorted:  [   1    2    3 ... 2046  643 2048]
in 2048 0.08877569750075054
Descending:  [2048 2047 2046 ...    3    2    1]
Descending:  [2048 2047 2046 ...    3    2    1]
Descending:  [2048 2047 2046 ...    3    2    1]
id 2048 1.3542094565000298
ba 4096 1.947027828499813
Random:  [1624 1882 2988 ... 3116  126 2444]
Random:  [1530 1185 3260 ... 4081 1577 1175]
Random:  [ 241 1366 2166 ... 4093 1621 2345]
br 4096 3.9250673750002534
Nearly sorted:  [   1    2    3 ... 4094 4095 4096]
Nearly sorted:  [   1    2 3441 ... 4094 4095 4096]
Nearly sorted:  [   1    2    3 ... 4094 4095 2400]
bn 4096 2.116725903999395
Descending:  [4096 4095 4094 ...    3    2    1]
Descending:  [4096 4095 4094 ...    3    2    1]
Descending:  [4096 4095 4094 ...    3    2    1]
bd 4096 5.07480999299969
sa 4096 1.9324482215006356
Random:  [3606  260  977 ... 2228 3602  326]
Random:  [3154 3127 1200 ... 2586 3776 1598]
Random:  [2791 1653  515 ... 3081  317 1036]
sr 4096 2.2303605144998073
Nearly sorted:  [   1    2    3 ... 4094 4095 1879]
Nearly sorted:  [   1    2    3 ... 4094 4095 4096]
Nearly sorted:  [   1    2 1071 ... 4094 4095 4096]
sn 4096 1.8775053935005417
Descending:  [4096 4095 4094 ...    3    2    1]
Descending:  [4096 4095 4094 ...    3    2    1]
Descending:  [4096 4095 4094 ...    3    2    1]
sd 4096 1.790659997000148
ia 4096 0.0019628430000011576
Random:  [2149 3865 3253 ... 3448   74 2876]
Random:  [2259 2570 2051 ... 2095 2673 3584]
Random:  [3803 3450  885 ... 3671 1254 1233]
ir 4096 2.9881982855004026
Nearly sorted:  [   1    2    3 ... 4094 4095 4096]
Nearly sorted:  [   1    2    3 ... 4094 4095 1241]
Nearly sorted:  [   1    2    3 ... 4094 4095 4096]
in 4096 0.31140079999931913
Descending:  [4096 4095 4094 ...    3    2    1]
Descending:  [4096 4095 4094 ...    3    2    1]
Descending:  [4096 4095 4094 ...    3    2    1]
id 4096 5.313372470999639
ba 8192 7.706624561499666
Random:  [5699 5624 7699 ... 5672 5785  808]
Random:  [5771 8077  912 ... 7157 1429 4320]
Random:  [2816 6819 6373 ... 7841 5556 6478]
br 8192 15.168358877000173
Nearly sorted:  [   1    2    3 ... 8190 8191 8192]
Nearly sorted:  [   1    2    3 ... 8190 8191 8192]
Nearly sorted:  [4270    2 6219 ... 2520 2717 8192]
bn 8192 8.850769656999546
Descending:  [8192 8191 8190 ...    3    2    1]
Descending:  [8192 8191 8190 ...    3    2    1]
Descending:  [8192 8191 8190 ...    3    2    1]
bd 8192 20.5500032104992
sa 8192 7.575204400000985
Random:  [5859 7872 8032 ... 4790 1836 5968]
Random:  [3160 4246 1554 ... 1115 3943  944]
Random:  [3609 5599 6151 ...  509 4816 3064]
sr 8192 8.210478088499258
Nearly sorted:  [   1    2    3 ... 4622 8191 8192]
Nearly sorted:  [   1    2    3 ... 8190 8191 8192]
Nearly sorted:  [7529 5799    3 ... 8190 8191 8192]
sn 8192 7.668339236499378
Descending:  [8192 8191 8190 ...    3    2    1]
Descending:  [8192 8191 8190 ...    3    2    1]
Descending:  [8192 8191 8190 ...    3    2    1]
sd 8192 7.196047016500415
ia 8192 0.004254365499946289
Random:  [1252 7413 6338 ... 2542 3885 5741]
Random:  [6984  923 7651 ... 3328 7191 7433]
Random:  [6666 3652 3012 ... 4855 7473 4422]
ir 8192 11.589789650998682
Nearly sorted:  [1790    2    3 ... 8190 8191 8192]
Nearly sorted:  [   1    2    3 ... 8190 8191  752]
Nearly sorted:  [   1    2    3 ... 8190 8191 8192]
in 8192 1.3511072004994276
Descending:  [8192 8191 8190 ...    3    2    1]
Descending:  [8192 8191 8190 ...    3    2    1]
Descending:  [8192 8191 8190 ...    3    2    1]
id 8192 22.667044258501846
ba 16384 31.166518481498315
Random:  [12872  9469  5139 ...   171  6256 15216]
Random:  [ 5434 10250  7440 ...  8072  9731 14847]
Random:  [15130 13155 13092 ...   512 15065  3674]
br 16384 58.46948179299943
Nearly sorted:  [    1 13777     3 ...  9497 16383 16384]
Nearly sorted:  [    1     2     3 ... 16382 13352 11282]
Nearly sorted:  [    1     2     3 ... 16382  8763 16384]
bn 16384 35.27877030200034
Descending:  [16384 16383 16382 ...     3     2     1]
Descending:  [16384 16383 16382 ...     3     2     1]
Descending:  [16384 16383 16382 ...     3     2     1]
bd 16384 81.85716092299936
sa 16384 30.35839927699999
Random:  [ 8967  2932  7346 ... 15725 12558  4024]
Random:  [ 4454 13805  5117 ...  7053 13561  1508]
Random:  [ 8433  9255  9444 ... 15229 12340  3511]
sr 16384 31.697237792000124
Nearly sorted:  [  609     2     3 ... 16382 16383 16384]
Nearly sorted:  [    1     2     3 ... 16382 16383 16384]
Nearly sorted:  [    1     2     3 ... 16382 16383 16384]
sn 16384 30.41274683449865
Descending:  [16384 16383 16382 ...     3     2     1]
Descending:  [16384 16383 16382 ...     3     2     1]
Descending:  [16384 16383 16382 ...     3     2     1]
sd 16384 29.240152024000054
ia 16384 0.008056398500229989
Random:  [ 1298 15200 14907 ... 10689 10329  4973]
Random:  [ 8926  2082 15546 ...  1864   940 15056]
Random:  [ 7085   620  3310 ... 13094  3419 12344]
ir 16384 45.55343345749952
Nearly sorted:  [    1     2     3 ... 10533 16383 16384]
Nearly sorted:  [    1     2     3 ... 16382 16383 16384]
Nearly sorted:  [    1     2     3 ... 16382 16383 16384]
in 16384 5.5237190319994625
Descending:  [16384 16383 16382 ...     3     2     1]
Descending:  [16384 16383 16382 ...     3     2     1]
Descending:  [16384 16383 16382 ...     3     2     1]
id 16384 84.96549365899955
ba 32768 125.01627483450011
Random:  [31457  4450 16576 ...  6114  9441 17260]
Random:  [19974  4110 10273 ... 23686 29980  8300]
Random:  [20376 31255  9131 ... 10848 10308  8288]
br 32768 235.56832294700052
Nearly sorted:  [    1     2 10037 ... 32766 32767 32768]
Nearly sorted:  [    1  9465     3 ... 32766 32767 32768]
Nearly sorted:  [    1     2     3 ... 32766 32767 32768]
bn 32768 144.08613132649953
Descending:  [32768 32767 32766 ...     3     2     1]
Descending:  [32768 32767 32766 ...     3     2     1]
Descending:  [32768 32767 32766 ...     3     2     1]
bd 32768 330.61738544999935
sa 32768 121.77621431850002
Random:  [ 7380  2472 17245 ... 10156 16432 26916]
Random:  [27333  7806 18140 ...  6060 18226 18651]
Random:  [23469 16924 31272 ...  4607  9295 11830]
sr 32768 124.72723403950022
Nearly sorted:  [    1     2     3 ... 32766 12135 22039]
Nearly sorted:  [    1     2  8042 ... 32766 32767 32768]
Nearly sorted:  [    1     2     3 ... 32766 32767 32768]
sn 32768 121.93691391350058
Descending:  [32768 32767 32766 ...     3     2     1]
Descending:  [32768 32767 32766 ...     3     2     1]
Descending:  [32768 32767 32766 ...     3     2     1]
sd 32768 116.07695506800064
ia 32768 0.01620292499956122
Random:  [ 8171 29826 26050 ...  8224 12866   899]
Random:  [10954 26897  9533 ... 10682 24516  4773]
Random:  [20631 28383 12153 ...  6913 19244  5945]
ir 32768 174.3754540889995
Nearly sorted:  [    1     2 10044 ... 32766 19515 32768]
Nearly sorted:  [    1  3991     3 ... 32766 32767 32768]
Nearly sorted:  [    1     2 10421 ... 32766 32767 32768]
in 32768 22.34596054100075
Descending:  [32768 32767 32766 ...     3     2     1]
Descending:  [32768 32767 32766 ...     3     2     1]
Descending:  [32768 32767 32766 ...     3     2     1]
id 32768 349.3244773734996
ba 65536 491.49418442450406
Random:  [33995 57045 44050 ... 51858 53206 33451]
Random:  [ 3522 56561 50535 ... 53820 32837   146]
Random:  [32747 55355 37234 ... 22703 54016 13846]
br 65536 921.8973911809953
Nearly sorted:  [    1     2     3 ... 65534 65535 65536]
Nearly sorted:  [    1     2     3 ... 65534 65535 65536]
Nearly sorted:  [    1     2     3 ... 65534 47900 65536]
bn 65536 551.1470599660024
Descending:  [65536 65535 65534 ...     3     2     1]
Descending:  [65536 65535 65534 ...     3     2     1]
Descending:  [65536 65535 65534 ...     3     2     1]
bd 65536 1301.8141497039978
sa 65536 483.97256754299815
Random:  [55692 41515 24317 ... 44127 43202 36911]
Random:  [48615  8697 28188 ... 53353 61668 24936]
Random:  [38413 14400  4622 ... 51187 40328 35570]
sr 65536 487.78422864749155
Nearly sorted:  [    1     2     3 ... 65534 65535 65536]
Nearly sorted:  [    1     2     3 ... 65534 65535 65536]
Nearly sorted:  [    1     2     3 ... 65534 65535 65536]
sn 65536 482.45338565300335
Descending:  [65536 65535 65534 ...     3     2     1]
Descending:  [65536 65535 65534 ...     3     2     1]
Descending:  [65536 65535 65534 ...     3     2     1]
sd 65536 455.10030459649715
ia 65536 0.03168758600077126
Random:  [28735 54519 29429 ... 59475 65027  4720]
Random:  [32441  3818 55988 ... 51357 39049 15531]
Random:  [41129 58596   409 ... 40850  2579 40508]
ir 65536 695.7993508390027
Nearly sorted:  [    1     2     3 ... 65534 65535 29613]
Nearly sorted:  [    1 64815     3 ... 65534 65535 65536]
Nearly sorted:  [    1     2     3 ... 65534 65535 65536]
in 65536 84.9634904565064
Descending:  [65536 65535 65534 ...     3     2     1]
Descending:  [65536 65535 65534 ...     3     2     1]
Descending:  [65536 65535 65534 ...     3     2     1]
id 65536 1357.7926593944976
