8
gI 10240 0.0006778740007575834
8
gR 10240 3.097000444540754e-06
1
gI 10241 0.0006540079994010739
1
gR 10241 3.7629997677868232e-06
2
gI 10242 0.0005700360006812843
2
gR 10242 2.689999746507965e-06
1
gI 10243 0.0005845129999215715
1
gR 10243 3.3820006137830205e-06
4
gI 10244 0.000575853000555071
4
gR 10244 3.0889996196492575e-06
1
gI 10245 0.0007733630000075209
1
gR 10245 4.106000233150553e-06
2
gI 10246 0.0005545109997910913
2
gR 10246 3.5069997466052882e-06
1
gI 10247 0.0005882049999854644
1
gR 10247 3.2179996196646243e-06
8
gI 10248 0.0005893640000067535
8
gR 10248 2.688000677153468e-06
1
gI 10249 0.0005568930000663386
1
gR 10249 2.6910001906799152e-06
2
gI 10250 0.0005688030005330802
2
gR 10250 3.2150001061381772e-06
1
gI 10251 0.0005685780006388086
1
gR 10251 3.283999831182882e-06
4
gI 10252 0.0005543389997910708
4
gR 10252 2.8510003176052123e-06
1
gI 10253 0.000549479999790492
1
gR 10253 3.7530007830355316e-06
2
gI 10254 0.000654670000585611
2
gR 10254 3.4679997042985633e-06
1
gI 10255 0.0005472530001497944
1
gR 10255 3.062999894609675e-06
8
gI 10256 0.000654700000268349
8
gR 10256 3.1310000849771313e-06
1
gI 10257 0.0005637880003632745
1
gR 10257 2.7719997888198122e-06
2
gI 10258 0.000594014000853349
2
gR 10258 3.3490005080238916e-06
1
gI 10259 0.0005745950002165046
1
gR 10259 3.6430001273402013e-06
1
gI 10261 0.0005984339995848131
1
gR 10261 4.083999556314666e-06
2
gI 10262 0.0006158520000099088
2
gR 10262 3.1350000426755287e-06
1
gI 10263 0.0005655619997924077
1
gR 10263 3.0530000003636815e-06
8
gI 10264 0.0005485810006575775
8
gR 10264 2.5870003810268827e-06
1
gI 10265 0.0006349280001813895
1
gR 10265 3.1939998734742403e-06
2
gI 10266 0.000609857000199554
2
gR 10266 2.8899994504172355e-06
1
gI 10267 0.0005492070004038396
1
gR 10267 3.4960003176820464e-06
4
gI 10268 0.0005729969998355955
4
gR 10268 2.9679995350306854e-06
1
gI 10269 0.0005549670004256768
1
gR 10269 3.8100006349850446e-06
2
gI 10270 0.0005483830000230228
2
gR 10270 2.9379998522927053e-06
1
gI 10271 0.0005486370000653551
1
gR 10271 3.4300001061637886e-06
8
gI 10272 0.0005502200001501478
8
gR 10272 2.9169996196287684e-06
1
gI 10273 0.0005526000004465459
1
gR 10273 2.832000063790474e-06
2
gI 10274 0.0005547190003198921
2
gR 10274 2.8670001483988017e-06
1
gI 10275 0.00054941000053077
1
gR 10275 3.4739996408461593e-06
4
gI 10276 0.0006273079998209141
4
gR 10276 3.201999788871035e-06
1
gI 10277 0.0005862349999006256
1
gR 10277 4.051999894727487e-06
2
gI 10278 0.0005866179999429733
2
gR 10278 3.3019996408256702e-06
1
gI 10279 0.0005624590003208141
1
gR 10279 3.5000002753804438e-06
8
gI 10280 0.0006190980002429569
8
gR 10280 2.9650000215042382e-06
1
gI 10281 0.0005597210001724306
1
gR 10281 3.062999894609675e-06
2
gI 10282 0.0006337070008157752
2
gR 10282 3.0960000003688037e-06
1
gI 10283 0.0005698140003005392
1
gR 10283 3.0210003387765028e-06
4
gI 10284 0.000568401999771595
4
gR 10284 2.880000465665944e-06
1
gI 10285 0.0005876969999007997
1
gR 10285 3.991999619756825e-06
2
gI 10286 0.0005515379998541903
2
gR 10286 3.0559995138901286e-06
1
gI 10287 0.0005529480004042853
1
gR 10287 2.9330003599170595e-06
8
gI 10288 0.0005875959996046731
8
gR 10288 2.3700004021520726e-06
1
gI 10289 0.0005517709996638587
1
gR 10289 2.910000148403924e-06
2
gI 10290 0.0006184409994602902
2
gR 10290 2.8160002329968847e-06
1
gI 10291 0.0005531510005312157
1
gR 10291 3.2550005926168524e-06
4
gI 10292 0.0005625359999612556
4
gR 10292 2.6489997253520414e-06
1
gI 10293 0.0006176819997563143
1
gR 10293 4.241000169713516e-06
2
gI 10294 0.001178533000711468
2
gR 10294 5.6680000852793455e-06
1
gI 10295 0.000618981999650714
1
gR 10295 2.752999535005074e-06
8
gI 10296 0.0005671200005963328
8
gR 10296 3.014999492734205e-06
1
gI 10297 0.0005546990005314001
1
gR 10297 2.7309997676638886e-06
2
gI 10298 0.0006284030005190289
2
gR 10298 2.830999619618524e-06
1
gI 10299 0.0005916740001339349
1
gR 10299 4.741999873658642e-06
4
gI 10300 0.0005666359993483638
4
gR 10300 2.6220004656352103e-06
1
gI 10301 0.0006103859996073879
1
gR 10301 3.668999852379784e-06
2
gI 10302 0.000594709999859333
2
gR 10302 2.927999958046712e-06
1
gI 10303 0.0008216959995479556
1
gR 10303 5.634000444842968e-06
8
gI 10304 0.0005803630001537385
8
gR 10304 2.649000634846743e-06
1
gI 10305 0.0005582359999607434
1
gR 10305 3.0800001695752144e-06
