10100000000000
nI 10240 8.911000350053655e-06
10100000000000
nR 10240 1.181799962068908e-05
101000000000000
nI 20480 8.595000053901458e-06
101000000000000
nR 20480 1.212699999086908e-05
1010000000000000
nI 40960 8.643999990454176e-06
1010000000000000
nR 40960 1.1529999937920365e-05
10100000000000000
nI 81920 1.2313000297581311e-05
10100000000000000
nR 81920 1.6651999885652913e-05
101000000000000000
nI 163840 9.775999842531746e-06
101000000000000000
nR 163840 1.2723000054393196e-05
1010000000000000000
nI 327680 1.0273000043525826e-05
1010000000000000000
nR 327680 1.4750999980606139e-05
10100000000000000000
nI 655360 1.0575000032986281e-05
10100000000000000000
nR 655360 1.3439999747788534e-05
