1
fI 2 1.0850000762729906e-05
1
fR 2 2.632999894558452e-06
2
fI 3 5.653000698657706e-06
2
fR 3 3.323000782984309e-06
3
fI 4 5.062000127509236e-06
3
fR 4 3.7610006984323263e-06
5
fI 5 5.017998773837462e-06
5
fR 5 4.936999175697565e-06
8
fI 6 6.726999345119111e-06
8
fR 6 1.0126001143362373e-05
13
fI 7 5.642999894917011e-06
13
fR 7 1.0914000085904263e-05
21
fI 8 7.479999112547375e-06
21
fR 8 2.8700000257231295e-05
34
fI 9 5.541000064113177e-06
34
fR 9 2.1816000298713334e-05
55
fI 10 5.580999641097151e-06
55
fR 10 3.359500078659039e-05
89
fI 11 5.154000973561779e-06
89
fR 11 4.9697999202180654e-05
144
fI 12 4.830999387195334e-06
144
fR 12 7.573599941679277e-05
233
fI 13 5.552001312025823e-06
233
fR 13 0.00011948100109293591
377
fI 14 5.489000614034012e-06
377
fR 14 0.00019625400091172196
610
fI 15 6.236999979591928e-06
610
fR 15 0.0003311359996587271
987
fI 16 5.484000212163664e-06
987
fR 16 0.0004663759991672123
1597
fI 17 5.514999429578893e-06
1597
fR 17 0.0007346600013988791
2584
fI 18 5.540001438930631e-06
2584
fR 18 0.0011820700001408113
4181
fI 19 5.789999704575166e-06
4181
fR 19 0.001844227001129184
6765
fI 20 5.763000444858335e-06
6765
fR 20 0.0030315940002765274
10946
fI 21 6.251000741031021e-06
10946
fR 21 0.004863647000092897
17711
fI 22 5.7939996622735634e-06
17711
fR 22 0.00774718600041524
28657
fI 23 6.320000466075726e-06
28657
fR 23 0.012466702000892838
46368
fI 24 6.7999990278622136e-06
46368
fR 24 0.020216554999933578
75025
fI 25 6.16799843555782e-06
75025
fR 25 0.03323730200099817
121393
fI 26 6.074000339140184e-06
121393
fR 26 0.053327439998611226
196418
fI 27 5.934000000706874e-06
196418
fR 27 0.08606001599946467
317811
fI 28 6.382000719895586e-06
317811
fR 28 0.1376191099989228
514229
fI 29 6.987000233493745e-06
514229
fR 29 0.2264149210004689
832040
fI 30 7.156999345170334e-06
832040
fR 30 0.364858421999088
1346269
fI 31 7.078999260556884e-06
1346269
fR 31 0.6584803460009425
2178309
fI 32 7.891001587267965e-06
2178309
fR 32 1.0373953799989977
3524578
fI 33 6.6039992816513404e-06
3524578
fR 33 1.5401577210013784
5702887
fI 34 6.779999239370227e-06
5702887
fR 34 2.626387848000377
9227465
fI 35 6.79700133332517e-06
9227465
fR 35 4.262908453998534
14930352
fI 36 6.710999514325522e-06
14930352
fR 36 6.692583432000902
24157817
fI 37 6.624000889132731e-06
24157817
fR 37 10.610724259999188
39088169
fI 38 6.83799953549169e-06
39088169
fR 38 17.13224710800023
63245986
fI 39 7.329999789362773e-06
63245986
fR 39 27.76863754799888
102334155
fI 40 6.831998689449392e-06
102334155
fR 40 44.97601738200137
165580141
fI 41 6.8070003180764616e-06
165580141
fR 41 73.07575766599984
267914296
fI 42 6.510001185233705e-06
267914296
fR 42 118.36607841300065
433494437
fI 43 7.353999535553157e-06
433494437
fR 43 189.04269823399954
701408733
fI 44 7.526999979745597e-06
701408733
fR 44 312.2904976819991